0.000000    0.000000    
14.985185    0.000000    
29.970370    0.000000    
44.955556    0.000000    
59.940741    0.000000    
74.925926    0.000000    
89.911111    0.000000    
104.896296    0.000000    
119.881481    0.000000    
134.866667    0.000000    
149.851852    0.000000    
164.837037    0.000000    
179.822222    0.000000    
194.807407    0.000000    
209.792593    0.000000    
224.777778    0.000000    
239.762963    0.000000    
254.748148    0.000000    
269.733333    0.000000    
284.718519    0.000000    
299.703704    0.000000    
314.688889    0.000000    
329.674074    0.000000    
344.659259    0.000000    
359.644444    0.000000    
374.629630    0.000000    
0.000000    14.984211    
14.985185    14.984211    
29.970370    14.984211    
44.955556    14.984211    
59.940741    14.984211    
74.925926    14.984211    
89.911111    14.984211    
104.896296    14.984211    
119.881481    14.984211    
134.866667    14.984211    
149.851852    14.984211    
164.837037    14.984211    
179.822222    14.984211    
194.807407    14.984211    
209.792593    14.984211    
224.777778    14.984211    
239.762963    14.984211    
254.748148    14.984211    
269.733333    14.984211    
284.718519    14.984211    
299.703704    14.984211    
314.688889    14.984211    
329.674074    14.984211    
344.659259    14.984211    
359.644444    14.984211    
374.629630    14.984211    
0.000000    29.968421    
14.985185    29.968421    
29.970370    29.968421    
44.955556    29.968421    
59.940741    29.968421    
74.925926    29.968421    
89.911111    29.968421    
104.896296    29.968421    
119.881481    29.968421    
134.866667    29.968421    
149.851852    29.968421    
164.837037    29.968421    
179.822222    29.968421    
194.807407    29.968421    
209.792593    29.968421    
224.777778    29.968421    
239.762963    29.968421    
254.748148    29.968421    
269.733333    29.968421    
284.718519    29.968421    
299.703704    29.968421    
314.688889    29.968421    
329.674074    29.968421    
344.659259    29.968421    
359.644444    29.968421    
374.629630    29.968421    
0.000000    44.952632    
14.985185    44.952632    
29.970370    44.952632    
44.955556    44.952632    
59.940741    44.952632    
74.925926    44.952632    
89.911111    44.952632    
104.896296    44.952632    
119.881481    44.952632    
134.866667    44.952632    
149.851852    44.952632    
164.837037    44.952632    
179.822222    44.952632    
194.807407    44.952632    
209.792593    44.952632    
224.777778    44.952632    
239.762963    44.952632    
254.748148    44.952632    
269.733333    44.952632    
284.718519    44.952632    
299.703704    44.952632    
314.688889    44.952632    
329.674074    44.952632    
344.659259    44.952632    
359.644444    44.952632    
374.629630    44.952632    
0.000000    59.936842    
14.985185    59.936842    
29.970370    59.936842    
44.955556    59.936842    
59.940741    59.936842    
74.925926    59.936842    
89.911111    59.936842    
104.896296    59.936842    
119.881481    59.936842    
134.866667    59.936842    
149.851852    59.936842    
164.837037    59.936842    
179.822222    59.936842    
194.807407    59.936842    
209.792593    59.936842    
224.777778    59.936842    
239.762963    59.936842    
254.748148    59.936842    
269.733333    59.936842    
284.718519    59.936842    
299.703704    59.936842    
314.688889    59.936842    
329.674074    59.936842    
344.659259    59.936842    
359.644444    59.936842    
374.629630    59.936842    
0.000000    74.921053    
14.985185    74.921053    
29.970370    74.921053    
44.955556    74.921053    
59.940741    74.921053    
74.925926    74.921053    
89.911111    74.921053    
104.896296    74.921053    
119.881481    74.921053    
134.866667    74.921053    
149.851852    74.921053    
164.837037    74.921053    
179.822222    74.921053    
194.807407    74.921053    
209.792593    74.921053    
224.777778    74.921053    
239.762963    74.921053    
254.748148    74.921053    
269.733333    74.921053    
284.718519    74.921053    
299.703704    74.921053    
314.688889    74.921053    
329.674074    74.921053    
344.659259    74.921053    
359.644444    74.921053    
374.629630    74.921053    
0.000000    89.905263    
14.985185    89.905263    
29.970370    89.905263    
44.955556    89.905263    
59.940741    89.905263    
74.925926    89.905263    
89.911111    89.905263    
104.896296    89.905263    
119.881481    89.905263    
134.866667    89.905263    
149.851852    89.905263    
164.837037    89.905263    
179.822222    89.905263    
194.807407    89.905263    
209.792593    89.905263    
224.777778    89.905263    
239.762963    89.905263    
254.748148    89.905263    
269.733333    89.905263    
284.718519    89.905263    
299.703704    89.905263    
314.688889    89.905263    
329.674074    89.905263    
344.659259    89.905263    
359.644444    89.905263    
374.629630    89.905263    
0.000000    104.889474    
14.985185    104.889474    
29.970370    104.889474    
44.955556    104.889474    
59.940741    104.889474    
74.925926    104.889474    
89.911111    104.889474    
104.896296    104.889474    
119.881481    104.889474    
134.866667    104.889474    
149.851852    104.889474    
164.837037    104.889474    
179.822222    104.889474    
194.807407    104.889474    
209.792593    104.889474    
224.777778    104.889474    
239.762963    104.889474    
254.748148    104.889474    
269.733333    104.889474    
284.718519    104.889474    
299.703704    104.889474    
314.688889    104.889474    
329.674074    104.889474    
344.659259    104.889474    
359.644444    104.889474    
374.629630    104.889474    
0.000000    119.873684    
14.985185    119.873684    
29.970370    119.873684    
44.955556    119.873684    
59.940741    119.873684    
74.925926    119.873684    
89.911111    119.873684    
104.896296    119.873684    
119.881481    119.873684    
134.866667    119.873684    
149.851852    119.873684    
164.837037    119.873684    
179.822222    119.873684    
194.807407    119.873684    
209.792593    119.873684    
224.777778    119.873684    
239.762963    119.873684    
254.748148    119.873684    
269.733333    119.873684    
284.718519    119.873684    
299.703704    119.873684    
314.688889    119.873684    
329.674074    119.873684    
344.659259    119.873684    
359.644444    119.873684    
374.629630    119.873684    
0.000000    134.857895    
14.985185    134.857895    
29.970370    134.857895    
44.955556    134.857895    
59.940741    134.857895    
74.925926    134.857895    
89.911111    134.857895    
104.896296    134.857895    
119.881481    134.857895    
134.866667    134.857895    
149.851852    134.857895    
164.837037    134.857895    
179.822222    134.857895    
194.807407    134.857895    
209.792593    134.857895    
224.777778    134.857895    
239.762963    134.857895    
254.748148    134.857895    
269.733333    134.857895    
284.718519    134.857895    
299.703704    134.857895    
314.688889    134.857895    
329.674074    134.857895    
344.659259    134.857895    
359.644444    134.857895    
374.629630    134.857895    
0.000000    149.842105    
14.985185    149.842105    
29.970370    149.842105    
44.955556    149.842105    
59.940741    149.842105    
74.925926    149.842105    
89.911111    149.842105    
104.896296    149.842105    
119.881481    149.842105    
134.866667    149.842105    
149.851852    149.842105    
164.837037    149.842105    
179.822222    149.842105    
194.807407    149.842105    
209.792593    149.842105    
224.777778    149.842105    
239.762963    149.842105    
254.748148    149.842105    
269.733333    149.842105    
284.718519    149.842105    
299.703704    149.842105    
314.688889    149.842105    
329.674074    149.842105    
344.659259    149.842105    
359.644444    149.842105    
374.629630    149.842105    
0.000000    164.826316    
14.985185    164.826316    
29.970370    164.826316    
44.955556    164.826316    
59.940741    164.826316    
74.925926    164.826316    
89.911111    164.826316    
104.896296    164.826316    
119.881481    164.826316    
134.866667    164.826316    
149.851852    164.826316    
164.837037    164.826316    
179.822222    164.826316    
194.807407    164.826316    
209.792593    164.826316    
224.777778    164.826316    
239.762963    164.826316    
254.748148    164.826316    
269.733333    164.826316    
284.718519    164.826316    
299.703704    164.826316    
314.688889    164.826316    
329.674074    164.826316    
344.659259    164.826316    
359.644444    164.826316    
374.629630    164.826316    
0.000000    179.810526    
14.985185    179.810526    
29.970370    179.810526    
44.955556    179.810526    
59.940741    179.810526    
74.925926    179.810526    
89.911111    179.810526    
104.896296    179.810526    
119.881481    179.810526    
134.866667    179.810526    
149.851852    179.810526    
164.837037    179.810526    
179.822222    179.810526    
194.807407    179.810526    
209.792593    179.810526    
224.777778    179.810526    
239.762963    179.810526    
254.748148    179.810526    
269.733333    179.810526    
284.718519    179.810526    
299.703704    179.810526    
314.688889    179.810526    
329.674074    179.810526    
344.659259    179.810526    
359.644444    179.810526    
374.629630    179.810526    
0.000000    194.794737    
14.985185    194.794737    
29.970370    194.794737    
44.955556    194.794737    
59.940741    194.794737    
74.925926    194.794737    
89.911111    194.794737    
104.896296    194.794737    
119.881481    194.794737    
134.866667    194.794737    
149.851852    194.794737    
164.837037    194.794737    
179.822222    194.794737    
194.807407    194.794737    
209.792593    194.794737    
224.777778    194.794737    
239.762963    194.794737    
254.748148    194.794737    
269.733333    194.794737    
284.718519    194.794737    
299.703704    194.794737    
314.688889    194.794737    
329.674074    194.794737    
344.659259    194.794737    
359.644444    194.794737    
374.629630    194.794737    
0.000000    209.778947    
14.985185    209.778947    
29.970370    209.778947    
44.955556    209.778947    
59.940741    209.778947    
74.925926    209.778947    
89.911111    209.778947    
104.896296    209.778947    
119.881481    209.778947    
134.866667    209.778947    
149.851852    209.778947    
164.837037    209.778947    
179.822222    209.778947    
194.807407    209.778947    
209.792593    209.778947    
224.777778    209.778947    
239.762963    209.778947    
254.748148    209.778947    
269.733333    209.778947    
284.718519    209.778947    
299.703704    209.778947    
314.688889    209.778947    
329.674074    209.778947    
344.659259    209.778947    
359.644444    209.778947    
374.629630    209.778947    
0.000000    224.763158    
14.985185    224.763158    
29.970370    224.763158    
44.955556    224.763158    
59.940741    224.763158    
74.925926    224.763158    
89.911111    224.763158    
104.896296    224.763158    
119.881481    224.763158    
134.866667    224.763158    
149.851852    224.763158    
164.837037    224.763158    
179.822222    224.763158    
194.807407    224.763158    
209.792593    224.763158    
224.777778    224.763158    
239.762963    224.763158    
254.748148    224.763158    
269.733333    224.763158    
284.718519    224.763158    
299.703704    224.763158    
314.688889    224.763158    
329.674074    224.763158    
344.659259    224.763158    
359.644444    224.763158    
374.629630    224.763158    
0.000000    239.747368    
14.985185    239.747368    
29.970370    239.747368    
44.955556    239.747368    
59.940741    239.747368    
74.925926    239.747368    
89.911111    239.747368    
104.896296    239.747368    
119.881481    239.747368    
134.866667    239.747368    
149.851852    239.747368    
164.837037    239.747368    
179.822222    239.747368    
194.807407    239.747368    
209.792593    239.747368    
224.777778    239.747368    
239.762963    239.747368    
254.748148    239.747368    
269.733333    239.747368    
284.718519    239.747368    
299.703704    239.747368    
314.688889    239.747368    
329.674074    239.747368    
344.659259    239.747368    
359.644444    239.747368    
374.629630    239.747368    
0.000000    254.731579    
14.985185    254.731579    
29.970370    254.731579    
44.955556    254.731579    
59.940741    254.731579    
74.925926    254.731579    
89.911111    254.731579    
104.896296    254.731579    
119.881481    254.731579    
134.866667    254.731579    
149.851852    254.731579    
164.837037    254.731579    
179.822222    254.731579    
194.807407    254.731579    
209.792593    254.731579    
224.777778    254.731579    
239.762963    254.731579    
254.748148    254.731579    
269.733333    254.731579    
284.718519    254.731579    
299.703704    254.731579    
314.688889    254.731579    
329.674074    254.731579    
344.659259    254.731579    
359.644444    254.731579    
374.629630    254.731579    
